10
80
)(((()((())))()))()(())()(())()()()(()())()(()(()()))()(()(((()()))(()))())()()(
100
))()(())()(())()(()()(()))((()))(())()()()()()()(())()()()()()(()())(((())))()()()()()(())()()(())((
69
)()()()()()()()()(())(((())))((()))(((((())(())()))(())())())()()()((
89
)))(((((())))()))())))())(((())))(()((()))((((()))))))))(()(()()()())())()(((()())()((()(
78
)(())))()()))())))())()()))((())(())))))((()))())(())()(()(()())((((((((((((((
100
(()))((())())()((((((()(()())))()()(())()))))()(())()()()()()()(())(())((()()))(())()()(())()((()(((
100
()(()())()()(())(()())()()(())()()(()(((())()()()()()()))()())((()(())))()()(()())((()))(((())()))()
100
))(())(())()()()(())()(((((((()((((()())((()(()(()))))(()))()))()))))()())))((())())(()())()(()())((
100
())()((())())(()))(()))(()()())()()()(())()()(()(()()())()(((()))))()(())((((((()()))((()(((()))(()(
99
())()(((())))((()))()()()()()()(((()))()()(()((()))))(())()()()()(((()(((()()()(())()))()()))()))()
