10
1
)
1
(
99
))(()))()))())))())()))())))))()(()()))(()))))))))))()))))()((()))(((())))(()))((()))(((())((()()((
78
)(()))))))(()(()(((()(((()))()())))(((())(()))())()(()))()((()))())(((()))()()
78
())))(())()((()))(())((()((())(()())(()()()))()())())())()())())))())(((((((((
78
)(()())()()()()(())()()()()(()()((()))()())(())()()()()()()(()())()()()()()(()
78
(()(())()))()(()())()()()()()()()()()(((()(())())()())(()((()((())())()(()()()
100
)(()(()())()())(())(()(()()))()()()()()()()()()()()()()()((()))(())((()))()()(()()())(())()()(()()((
100
())()()(((((())()))(()))(()))(()(()()))()(()()((()))(((()()(((()(())())())()(()))())())))()()()()()(
100
(()()())(((()())(()())())())()(())()((()()))(((())(())(()(())()))(()))()()(())()(()()()()())(())()((
